106	105	107	105	128	112	49	166	136	74	110	110
106	105	107	105	128	112	50	165	136	74	110	110
106	105	107	105	128	112	50	165	136	74	110	110
106	105	107	105	129	111	50	165	136	74	110	110
106	105	107	105	129	111	50	165	136	74	110	110
106	105	107	105	129	111	50	165	136	74	110	110
106	105	107	105	129	111	51	164	136	74	110	110
106	105	107	105	129	111	51	164	136	74	110	110
106	105	107	105	130	110	51	164	136	74	110	110
106	105	107	105	130	110	51	164	136	74	110	110
106	105	107	105	130	110	51	164	136	74	110	110
106	105	107	105	130	110	52	163	136	74	110	110
106	105	107	105	130	110	52	163	136	74	110	110
106	105	107	105	130	110	52	163	136	74	110	110
106	105	107	105	131	109	52	163	136	74	110	110
106	105	107	105	131	109	52	163	136	74	110	110
106	105	107	105	131	109	52	163	136	74	110	110
106	105	107	105	131	109	52	163	136	74	110	110
106	105	107	105	131	109	52	163	136	74	110	110
106	105	107	105	131	109	53	162	136	74	110	110
106	105	107	105	131	109	53	162	136	74	110	110
106	105	107	105	131	109	53	162	136	74	110	110
106	105	107	105	132	108	53	162	136	74	110	110
106	105	107	105	132	108	53	162	136	74	110	110
106	105	107	105	132	108	53	162	136	74	110	110
106	105	107	105	132	108	53	162	136	74	110	110
106	105	107	105	132	108	53	162	136	74	110	110
106	105	107	105	132	108	53	162	136	74	110	110
106	105	107	105	132	108	54	161	136	74	110	110
106	105	107	105	132	108	54	161	136	74	110	110
106	105	107	105	132	108	54	161	136	74	110	110
106	105	107	105	132	108	54	161	136	74	110	110
106	105	107	105	132	108	54	161	136	74	110	110
106	105	107	105	133	107	54	161	136	74	110	110
106	105	107	105	133	107	54	161	136	74	110	110
106	105	107	105	133	107	54	161	136	74	110	110
106	105	107	105	133	107	54	161	136	74	110	110
106	105	107	105	133	107	54	161	136	74	110	110
106	105	107	105	133	107	54	161	136	74	110	110
106	105	107	105	133	107	54	161	136	74	110	110
106	105	107	105	133	107	54	161	136	74	110	110
106	105	107	105	133	107	54	161	136	74	110	110
106	105	107	105	133	107	54	161	136	74	110	110
106	105	107	105	133	107	55	160	136	74	110	110
106	105	107	105	133	107	55	160	136	74	110	110
106	105	107	105	133	107	55	160	136	74	110	110
106	105	107	105	133	107	55	160	136	74	110	110
106	105	107	105	133	107	55	160	136	74	110	110
106	105	107	105	133	107	55	160	136	74	110	110
106	105	107	105	134	106	55	160	136	74	110	110
106	105	107	105	134	106	55	160	136	74	110	110
106	105	107	105	134	106	55	160	136	74	110	110
106	105	107	105	134	106	55	160	136	74	110	110
106	105	107	105	134	106	55	160	136	74	110	110
106	105	107	105	134	106	55	160	136	74	110	110
106	105	107	105	134	106	55	160	136	74	110	110
106	105	107	105	134	106	55	160	136	74	110	110
106	105	107	105	134	106	55	160	136	74	110	110
106	105	107	105	134	106	55	160	136	74	110	110
106	105	107	105	134	106	55	160	136	74	110	110
106	105	107	105	134	106	55	160	136	74	110	110
106	105	107	105	134	106	55	160	136	74	110	110
106	105	107	105	134	106	55	160	136	74	110	110
106	105	107	105	134	106	55	160	136	74	110	110
106	105	107	105	134	106	55	160	136	74	110	110
106	105	107	105	134	106	55	160	136	74	111	111
106	105	108	106	134	106	55	160	136	74	111	111
106	105	108	106	134	106	55	160	136	74	111	111
106	105	108	106	134	106	55	160	136	74	111	111
106	105	108	106	134	106	55	160	136	74	111	111
106	105	108	106	134	106	55	160	136	74	111	111
106	105	108	106	134	106	55	160	136	74	111	111
106	105	108	106	134	106	55	160	136	74	111	111
106	105	108	106	134	106	56	159	136	74	111	111
106	105	108	106	134	106	56	159	136	74	111	111
106	105	108	106	134	106	56	159	136	74	111	111
106	105	108	106	134	106	56	159	136	74	111	111
106	105	108	106	134	106	56	159	136	74	111	111
106	105	108	106	134	106	56	159	136	74	111	111
106	105	108	106	134	106	56	159	136	74	111	111
106	105	108	106	134	106	56	159	136	74	111	111
106	105	108	106	134	106	56	159	136	74	111	111
106	105	108	106	134	106	56	159	136	74	111	111
106	105	108	106	134	106	56	159	136	74	111	111
106	105	108	106	134	106	56	159	136	74	111	111
106	105	108	106	134	106	56	159	136	74	112	112
106	105	109	107	134	106	56	159	136	74	112	112
106	105	109	107	134	106	56	159	136	74	112	112
106	105	109	107	134	106	56	159	136	74	112	112
106	105	109	107	134	106	56	159	136	74	112	112
106	105	109	107	134	106	56	159	136	74	112	112
106	105	109	107	134	106	56	159	136	74	112	112
106	105	109	107	134	106	56	159	136	74	112	112
106	105	109	107	134	106	56	159	136	74	112	112
106	105	109	107	135	105	56	159	136	74	112	112
106	105	109	107	135	105	56	159	136	74	112	112
106	105	109	107	135	105	56	159	136	74	113	113
106	105	110	108	135	105	56	159	136	74	113	113
106	105	110	108	135	105	56	159	136	74	113	113
106	105	110	108	135	105	56	159	136	74	113	113
106	105	110	108	135	105	56	159	136	74	113	113
106	105	110	108	135	105	56	159	136	74	113	113
106	105	110	108	135	105	56	159	136	74	113	113
106	105	110	108	135	105	56	159	136	74	113	113
106	104	110	108	135	105	56	159	136	74	113	113
106	104	110	108	135	105	56	159	136	74	114	114
106	104	111	109	135	105	56	159	136	74	114	114
106	104	111	109	135	105	56	159	136	74	114	114
106	104	111	109	135	105	56	159	136	74	114	114
106	104	111	109	135	105	56	159	136	74	114	114
106	104	111	109	135	105	56	159	136	74	114	114
106	104	111	109	135	105	57	158	136	74	115	115
106	104	112	110	135	105	57	158	136	74	115	115
106	104	112	110	135	105	57	158	136	74	115	115
106	104	112	110	135	105	57	158	136	74	115	115
105	104	112	110	135	105	57	158	136	74	115	115
105	104	112	110	135	105	57	158	136	74	116	116
105	104	112	110	135	105	57	158	137	73	116	116
105	104	113	111	135	105	57	158	137	73	116	116
105	104	113	111	135	105	57	158	137	73	116	116
105	104	113	111	135	105	57	158	137	73	116	116
105	104	113	111	135	105	57	158	137	73	117	117
105	104	114	112	135	105	57	158	137	73	117	117
105	104	114	112	135	105	58	157	137	73	117	117
105	103	114	112	135	105	58	157	137	73	117	117
105	103	114	112	135	105	58	157	137	73	118	118
105	103	115	113	135	105	58	157	137	73	118	118
105	103	115	113	135	105	58	157	137	73	118	118
105	103	115	113	135	105	58	157	137	73	119	119
105	103	116	114	135	105	59	156	138	72	119	119
105	103	116	114	135	105	59	156	138	72	119	119
105	103	116	114	135	105	59	156	138	72	119	119
105	103	116	114	135	105	59	156	138	72	120	120
105	103	117	115	136	104	59	156	138	72	120	120
105	103	117	115	136	104	60	155	138	72	121	121
105	103	118	116	136	104	60	155	139	71	121	121
105	102	118	116	136	104	60	155	139	71	121	121
104	102	118	116	136	104	61	154	139	71	122	122
104	102	119	117	136	104	61	154	139	71	122	122
104	102	119	117	136	104	61	154	139	71	123	123
104	102	120	118	136	104	62	153	140	70	123	123
104	102	120	118	136	104	62	153	140	70	123	123
104	102	120	118	136	104	63	152	140	70	124	124
104	102	121	119	137	103	63	152	141	69	124	124
104	101	121	119	137	103	64	151	141	69	125	125
104	101	122	120	137	103	64	151	141	69	125	125
104	101	122	120	137	103	65	150	142	68	126	126
104	101	123	121	137	103	65	150	142	68	126	126
104	101	123	121	138	102	65	150	142	68	127	127
104	101	124	122	138	102	66	149	143	67	127	127
103	101	124	122	138	102	67	148	143	67	128	128
103	100	125	123	138	102	67	148	144	66	128	128
103	100	125	123	138	102	68	147	144	66	129	129
103	100	125	123	139	101	69	146	145	65	129	129
103	100	126	124	139	101	70	145	145	65	130	130
103	100	126	124	139	101	70	145	146	64	130	130
103	100	127	125	139	101	71	144	146	64	130	130
103	100	127	125	140	100	72	143	147	63	131	131
103	100	128	126	140	100	73	142	147	63	131	131
103	99	128	126	140	100	73	142	148	62	132	132
103	99	128	126	139	100	73	141	148	62	132	132
103	99	129	127	139	99	72	140	148	61	133	132
103	99	129	127	138	99	71	139	148	61	133	133
102	99	130	127	137	99	71	138	148	60	134	133
102	99	130	128	136	99	70	138	148	60	134	133
102	99	131	128	135	98	69	137	148	59	134	134
102	99	131	128	135	98	68	136	148	59	135	134
102	99	131	128	134	98	68	135	148	58	135	134
102	99	132	129	133	98	67	135	148	58	136	135
102	99	132	129	132	98	67	134	148	58	136	135
102	98	133	129	132	97	66	133	148	57	137	135
102	98	133	129	131	97	65	133	148	57	137	135
102	98	133	130	130	97	65	132	148	56	137	136
102	98	134	130	129	97	65	131	148	56	138	136
102	98	134	130	129	96	64	131	148	55	138	136
102	98	134	130	128	96	64	130	148	55	138	136
102	98	135	130	127	96	63	130	149	55	139	136
102	98	135	131	126	96	63	129	149	54	139	137
101	98	135	131	126	96	62	128	149	54	140	137
101	98	136	131	125	96	62	128	149	54	140	137
101	98	136	131	124	95	61	127	149	53	140	137
101	98	136	131	123	95	60	127	149	53	141	137
101	98	137	131	122	95	60	126	149	53	141	137
101	98	137	132	122	95	59	126	150	52	141	138
101	98	137	132	121	95	59	125	150	52	142	138
101	98	138	132	120	95	58	125	150	52	142	138
101	97	138	132	119	95	58	124	150	51	142	138
101	97	138	132	119	95	57	124	150	51	143	138
101	97	139	132	118	95	57	123	151	51	143	138
101	97	139	132	117	95	57	123	151	50	143	138
101	97	139	132	117	95	56	123	151	50	143	138
101	97	139	133	116	95	56	122	151	50	144	139
101	97	140	133	115	95	55	122	152	50	144	139
101	97	140	133	114	95	55	121	152	49	144	139
101	97	140	133	113	94	54	121	152	49	145	139
101	97	141	133	113	94	54	121	152	49	145	139
101	97	141	133	112	94	53	120	153	49	145	139
101	97	141	133	111	94	53	120	153	49	145	139
101	97	141	133	111	94	53	120	153	48	146	139
101	97	142	133	110	94	53	120	154	48	146	139
101	97	142	133	109	94	52	119	154	48	146	139
100	97	142	133	109	94	52	119	154	48	146	139
100	97	142	133	108	94	52	119	155	48	147	139
100	97	142	133	107	94	52	119	155	48	147	139
100	97	143	133	107	94	52	119	156	47	147	140
100	97	143	133	106	94	52	118	156	47	147	140
100	97	143	133	106	94	52	118	156	47	147	140
100	97	143	134	105	94	52	118	157	47	148	140
100	97	143	134	105	94	52	118	157	47	148	140
100	97	143	134	104	94	52	118	158	47	148	140
100	97	143	134	104	94	52	118	158	47	148	140
100	97	144	134	104	94	52	118	159	47	148	140
100	97	144	134	103	94	52	118	159	47	148	140
100	97	144	134	103	94	52	118	160	47	148	140
100	97	144	134	102	94	52	118	160	47	148	140
100	97	144	134	102	94	52	118	161	47	149	140
100	97	144	134	102	94	52	118	161	47	149	140
100	97	144	134	102	94	53	118	162	47	149	140
100	97	144	134	101	94	53	118	162	47	149	140
100	97	144	134	101	94	53	118	162	47	149	140
100	97	144	134	101	94	53	118	163	47	149	140
100	97	144	134	101	94	54	118	163	47	149	140
100	97	144	134	100	94	54	118	164	47	149	140
100	97	144	134	100	94	54	118	164	47	149	140
100	97	144	134	100	94	55	118	165	47	149	140
100	97	144	134	100	94	55	118	165	47	149	140
100	97	144	134	100	94	55	118	166	47	149	140
100	97	144	134	100	94	56	118	166	47	149	140
100	97	144	133	100	94	56	119	167	47	148	140
100	97	144	133	100	94	56	119	167	47	148	140
100	97	144	133	100	94	57	119	168	48	148	140
100	97	144	133	100	94	57	119	168	48	148	139
100	97	143	133	100	94	58	119	169	48	148	139
100	97	143	133	100	94	58	119	169	48	148	139
100	97	143	133	100	94	59	120	170	48	148	139
100	97	143	133	100	94	59	120	170	48	148	139
100	97	143	133	100	94	60	120	171	48	147	139
100	97	143	133	100	94	60	120	171	49	147	139
100	97	143	133	100	94	61	121	171	49	147	139
100	97	142	133	101	94	62	121	172	49	147	139
100	97	142	133	101	94	62	121	172	49	147	139
100	97	142	133	101	94	63	121	173	49	146	139
100	97	142	133	101	94	63	121	173	50	146	139
101	97	141	132	102	94	64	122	174	50	146	139
101	97	141	132	102	94	65	122	174	50	146	138
101	97	141	132	102	95	65	122	175	50	145	138
101	97	141	132	102	95	65	123	175	51	145	138
101	97	140	132	103	95	66	123	175	51	145	138
101	98	140	132	103	95	67	123	176	51	144	138
101	98	140	132	104	95	68	123	176	51	144	138
101	98	139	132	104	95	68	124	177	52	144	138
101	98	139	131	105	95	69	124	177	52	143	137
101	98	139	131	105	95	70	124	178	52	143	137
101	98	138	131	106	95	71	125	178	52	143	137
101	98	138	131	106	95	72	125	179	53	142	137
101	98	138	131	107	95	73	125	179	53	142	137
101	98	137	131	107	95	74	126	180	53	141	137
101	98	137	130	108	95	75	126	180	54	141	136
101	98	136	130	109	94	76	126	181	54	141	136
101	98	136	130	109	94	77	127	181	54	140	136
101	98	136	130	110	94	78	127	182	55	140	136
101	98	135	130	111	94	80	128	182	55	139	136
101	98	135	129	112	94	81	128	183	56	139	135
101	98	134	129	112	94	82	128	183	56	138	135
102	99	134	129	113	94	84	129	184	56	138	135
102	99	133	129	114	94	85	129	185	57	137	135
102	99	133	128	115	94	87	130	185	57	137	134
102	99	132	128	116	94	88	130	186	58	136	134
102	99	132	128	117	94	90	131	187	58	136	134
102	99	131	128	118	94	91	131	187	59	135	133
102	99	131	127	119	94	93	132	188	60	135	133
102	99	130	127	120	94	94	132	189	60	134	133
102	99	130	127	121	94	96	133	189	61	134	133
102	99	129	126	122	94	98	134	190	61	133	132
102	99	129	126	123	94	100	134	191	62	133	132
102	100	128	126	124	94	101	135	192	63	132	131
102	100	128	125	125	94	103	136	193	64	132	131
103	100	127	125	126	94	105	137	193	64	131	131
103	100	127	125	127	94	107	138	194	65	131	130
103	100	126	124	128	94	108	139	195	66	130	130
103	100	126	124	129	94	110	140	196	67	130	130
103	100	125	123	130	94	112	141	197	68	129	129
103	100	125	123	131	94	114	142	197	69	128	129
103	100	124	123	132	94	115	143	198	70	128	128
103	101	124	122	133	95	116	144	198	71	127	128
103	101	123	122	133	95	117	146	199	72	127	127
103	101	123	121	133	95	117	147	198	73	126	127
103	101	122	121	133	95	116	149	198	75	126	127
104	101	121	120	133	95	115	150	197	75	125	126
104	101	121	120	132	95	113	151	196	76	124	125
104	101	120	119	132	95	111	152	195	78	124	125
104	102	120	119	131	95	109	154	193	79	123	124
104	102	119	118	130	95	107	156	192	81	123	124
104	102	119	118	129	95	105	158	191	83	122	123
104	102	118	117	129	95	102	160	189	84	121	123
104	102	117	117	128	95	100	162	188	86	121	122
105	102	117	116	127	96	97	164	186	88	120	121
105	103	116	115	126	96	95	166	184	90	119	121
105	103	115	115	125	96	92	168	183	92	118	120
105	103	114	114	124	96	90	170	181	94	118	119
105	103	114	113	122	96	84	172	178	96	117	118
105	103	113	112	120	96	79	174	175	98	116	117
105	104	112	111	118	95	75	175	173	100	115	116
106	104	111	110	116	95	71	177	170	102	114	115
106	104	110	109	115	95	67	179	168	104	114	114
106	105	109	108	114	95	65	180	165	106	113	113
106	105	108	107	113	94	62	181	163	107	111	112
106	105	107	106	112	94	59	182	161	109	110	111
106	105	107	105	112	93	57	183	160	110	110	110
106	105	106	104	111	92	55	183	158	111	109	109
106	105	105	103	111	91	53	183	156	112	108	108
106	106	104	101	111	90	52	182	155	113	107	106
106	106	103	100	112	89	51	181	154	113	106	105
106	106	102	99	113	88	51	180	153	113	105	103
106	107	101	98	113	87	51	179	152	113	104	102
106	107	100	96	114	85	51	177	151	112	103	101
107	107	99	95	115	84	52	175	151	111	102	100
107	108	98	94	117	83	52	173	150	111	101	99
107	108	97	93	118	82	53	170	150	109	100	98
107	108	96	92	119	81	55	168	150	108	99	97
107	108	96	91	120	81	56	167	150	108	98	96
107	109	95	90	122	81	57	167	150	107	97	95
107	109	94	90	123	81	59	166	150	107	97	94
108	109	94	89	124	81	60	166	150	106	96	93
108	109	93	88	125	81	61	165	150	105	95	92
108	110	92	87	126	81	63	165	150	105	95	92
108	110	92	87	128	81	65	164	151	104	94	91
108	110	91	86	129	82	65	164	151	104	94	90
108	110	91	85	130	82	67	164	151	103	93	89
108	110	90	85	131	82	68	164	152	103	93	89
108	111	90	84	132	82	70	163	152	103	92	88
108	111	90	83	133	83	71	163	153	102	92	88
108	111	89	83	134	83	73	163	153	102	91	87
109	111	89	82	135	84	74	164	154	102	91	86
109	111	88	82	136	84	75	164	154	101	91	86
109	111	88	81	137	85	77	164	155	101	90	85
109	112	88	81	138	85	78	164	155	101	90	85
109	112	87	80	139	86	80	165	155	101	89	84
109	112	87	79	139	87	81	165	156	101	89	83
109	112	87	79	140	87	82	165	156	100	89	83
109	112	86	78	141	88	83	166	157	100	88	82
109	113	86	78	142	89	84	166	157	100	88	82
109	113	86	77	142	89	86	167	158	100	88	81
109	113	85	77	143	90	87	168	158	100	87	81
109	113	85	76	144	91	88	168	159	100	87	80
109	113	85	76	144	92	89	169	159	100	87	80
109	113	84	76	145	93	90	169	159	100	87	79
109	114	84	75	145	93	91	170	160	100	86	79
110	114	84	75	145	94	92	171	160	100	86	78
110	114	84	74	145	95	93	171	161	99	86	78
110	114	84	74	146	95	94	172	161	99	86	78
110	114	83	73	146	96	95	173	161	99	85	77
110	114	83	73	147	97	96	174	162	99	85	77
110	114	83	73	147	98	97	175	162	99	85	76
110	115	83	72	148	99	98	175	163	99	85	76
110	115	83	72	148	100	99	176	163	99	85	75
110	115	82	71	149	101	99	177	163	99	84	75
110	115	82	71	149	102	100	177	164	99	84	75
110	115	82	71	150	103	101	178	164	98	84	74
110	115	82	70	150	103	102	179	165	98	84	74
110	115	82	70	150	104	103	179	165	98	84	74
110	116	82	70	151	105	103	180	165	97	84	73
110	116	81	69	151	106	104	180	166	97	83	73
110	116	81	69	152	107	105	180	166	97	83	73
110	116	81	69	152	108	106	180	167	96	83	72
110	116	81	69	152	109	107	180	167	96	83	72
110	116	81	68	153	110	107	180	167	95	83	72
110	116	81	68	153	111	108	180	168	95	83	72
110	116	81	68	153	112	109	180	168	94	83	72
110	116	81	68	154	113	110	180	168	94	83	71
110	116	81	68	154	113	110	180	169	93	82	71
110	117	80	68	154	114	111	180	169	93	82	71
110	117	80	67	155	115	112	180	170	92	82	71
110	117	80	67	155	116	112	180	170	91	82	71
110	117	80	67	155	117	113	180	170	91	82	71
110	117	80	67	156	118	114	180	171	90	82	70
110	117	80	67	156	118	114	180	171	89	82	70
110	117	80	67	156	119	115	180	171	89	82	70
110	117	80	67	156	120	116	180	172	88	82	70
110	117	80	67	157	121	116	180	172	87	82	70
110	117	80	67	157	121	117	180	172	87	82	70
110	117	80	67	157	122	117	180	172	86	82	70
110	117	80	67	157	123	117	180	173	85	82	70
110	117	80	67	158	123	118	180	173	84	82	70
110	117	80	67	158	124	118	180	173	83	82	70
110	117	80	67	158	124	118	180	173	82	82	70
110	117	80	67	158	125	118	180	173	82	82	70
110	117	80	67	158	126	118	180	173	81	82	70
111	117	80	67	158	126	118	180	173	80	82	70
111	117	80	67	158	127	118	180	173	79	82	70
111	117	80	67	157	127	118	180	172	78	82	71
111	117	80	67	157	128	117	180	172	77	82	71
111	117	80	67	157	128	117	180	172	76	82	71
111	117	80	67	157	128	116	180	172	76	82	71
111	117	80	68	157	129	116	180	171	75	82	71
111	116	80	68	156	129	115	179	171	75	82	71
111	116	80	68	156	130	114	179	171	74	82	71
110	116	80	68	156	130	114	178	170	73	82	72
110	116	80	68	156	130	113	178	170	72	82	72
110	116	80	68	155	130	112	177	169	71	82	72
110	116	80	69	155	131	111	176	169	70	82	72
110	116	80	69	155	131	111	176	168	69	82	72
110	116	80	69	154	131	110	175	168	68	82	73
110	116	80	69	154	131	109	174	167	67	82	73
110	116	80	70	154	131	108	174	167	66	82	73
110	116	80	70	154	131	107	173	166	66	82	73
110	115	80	70	153	131	107	172	166	65	82	74
110	115	80	70	153	131	106	171	165	64	82	74
110	115	80	71	153	131	105	170	165	63	82	74
110	115	81	71	152	131	104	169	164	62	83	75
110	115	81	71	152	131	103	169	164	61	83	75
110	115	81	72	152	131	102	168	163	60	83	75
110	115	81	72	151	131	101	167	163	59	83	76
110	115	81	72	151	131	100	166	162	58	83	76
110	114	81	73	151	131	99	165	161	57	83	76
110	114	81	73	150	131	98	164	161	56	83	77
110	114	81	73	150	131	97	163	160	55	83	77
110	114	81	74	150	130	96	162	160	54	83	77
110	114	81	74	149	130	95	160	159	53	83	78
110	114	82	74	149	130	94	159	158	52	84	78
110	114	82	75	149	130	93	158	158	51	84	79
110	114	82	75	148	129	92	157	157	50	84	79
110	113	82	76	148	129	91	156	156	50	84	79
110	113	82	76	148	129	90	154	155	49	84	80
110	113	82	76	147	128	89	153	155	48	84	80
110	113	82	77	147	128	88	152	154	47	85	81
110	113	83	77	147	127	87	150	153	46	85	81
110	113	83	78	146	127	86	150	152	45	85	82
110	112	83	78	146	126	84	149	152	44	85	82
110	112	83	78	145	126	83	147	151	43	85	82
110	112	83	79	145	126	82	146	150	42	85	83
110	112	84	79	145	125	81	145	149	41	86	83
110	112	84	80	145	125	79	144	148	40	86	84
110	112	84	80	145	124	78	142	147	39	86	84
110	112	84	81	145	124	77	141	146	38	86	85
109	111	84	81	144	124	76	140	145	37	87	85
109	111	85	82	144	123	74	139	144	37	87	86
109	111	85	82	144	123	73	138	143	36	87	86
109	111	85	82	143	122	71	136	142	35	87	87
109	111	86	83	143	122	70	135	141	34	88	87
109	111	86	83	143	122	68	134	140	33	88	88
109	111	86	84	142	121	67	133	139	33	88	88
109	110	86	84	142	121	65	132	138	32	89	89
109	110	87	85	142	121	65	132	137	31	89	89
109	110	87	85	141	121	63	131	135	31	89	90
109	110	87	86	141	120	62	130	135	30	90	90
109	110	88	86	141	120	60	129	134	30	90	91
109	110	88	87	141	120	59	129	133	29	90	91
109	109	89	88	140	120	57	129	131	29	91	92
108	109	89	88	140	120	55	128	130	29	91	92
108	109	89	89	140	120	54	128	128	28	92	93
108	109	90	89	140	120	52	128	127	28	92	94
108	109	90	90	139	120	50	128	126	28	93	94
108	109	91	90	139	120	49	128	124	28	93	95
108	108	92	91	139	120	47	128	122	28	94	96
108	108	92	92	139	120	45	129	121	28	95	96
108	108	93	93	139	121	43	129	119	28	95	97
107	108	93	93	139	121	42	129	118	28	96	98
107	108	94	94	139	121	40	130	116	29	97	99
107	107	95	95	140	121	39	131	114	29	98	99
107	107	96	96	140	123	37	135	113	32	98	100
107	107	97	96	140	124	36	138	111	34	99	101
107	107	98	97	141	125	35	142	109	36	100	102
107	106	99	98	142	126	34	145	108	38	102	103
106	106	100	99	142	127	33	147	106	40	103	104
106	106	101	100	143	127	33	150	105	42	104	105
106	106	102	101	144	128	33	151	104	44	105	106
106	105	104	102	145	128	33	153	103	45	106	107
106	105	105	103	145	128	33	154	102	47	108	108
106	105	106	104	147	127	34	155	102	48	109	109
106	105	107	105	148	127	35	156	102	50	110	110
106	105	108	106	149	126	36	156	102	51	111	111
106	105	109	107	150	125	38	156	102	52	112	112
106	105	110	108	152	124	39	156	102	52	113	113
106	104	111	109	153	123	41	156	103	53	115	114
105	104	112	110	154	122	43	155	103	54	116	115
105	104	114	111	156	121	45	155	104	54	117	116
105	104	115	111	157	120	47	154	105	55	118	117
105	103	116	112	158	119	50	153	106	55	119	118
105	103	117	113	159	117	52	152	107	55	120	118
105	103	118	114	160	116	52	151	107	55	121	119
104	103	118	115	160	115	53	150	108	55	122	120
104	103	119	115	159	114	53	149	108	55	123	121
104	102	120	116	159	113	54	148	108	55	124	121
104	102	121	117	159	112	54	147	109	55	125	122
104	102	122	117	159	111	54	146	109	55	125	123
104	102	123	118	159	110	54	144	109	55	126	123
104	102	123	119	159	109	54	143	109	55	127	124
104	101	124	119	158	108	54	142	109	54	128	125
103	101	125	120	158	107	54	141	110	54	129	125
103	101	126	120	157	106	54	140	110	54	129	126
103	101	126	121	157	105	53	139	110	54	130	126
103	101	127	121	157	104	53	138	110	54	131	127
103	101	128	122	156	104	52	137	110	54	132	127
103	101	128	122	155	103	52	136	110	53	132	128
103	100	129	123	155	102	51	135	110	53	133	128
103	100	130	123	154	102	51	134	110	53	134	129
103	100	130	124	153	101	50	134	110	53	134	129
102	100	131	124	153	101	50	133	110	53	135	130
102	100	132	124	152	100	49	132	110	53	136	130
102	100	132	125	151	100	48	131	110	52	136	131
102	100	133	125	151	99	47	131	109	52	137	131
102	100	133	126	150	99	47	130	109	52	138	131
102	99	134	126	149	98	46	130	109	52	138	132
102	99	135	126	148	98	45	129	109	52	139	132
102	99	135	127	147	97	44	128	109	52	139	132
102	99	136	127	146	97	43	128	109	52	140	133
102	99	136	127	145	97	42	127	109	52	140	133
102	99	137	128	145	96	42	127	109	51	141	133
102	99	137	128	145	96	41	126	109	51	141	134
102	99	138	128	144	96	40	126	109	51	142	134
101	99	138	128	143	95	39	125	109	51	143	134
101	99	139	129	142	95	38	125	109	51	143	135
101	99	139	129	141	95	37	125	109	51	144	135
101	98	140	129	140	95	37	124	109	51	144	135
101	98	140	129	139	95	36	124	110	50	145	135
101	98	141	130	138	95	35	123	110	50	145	136
101	98	141	130	137	95	34	123	110	50	145	136
101	98	141	130	136	95	34	123	110	50	146	136
101	98	142	130	135	94	33	122	110	50	146	136
101	98	142	130	134	94	32	122	111	50	147	136
101	98	143	131	133	94	32	121	111	50	147	137
101	98	143	131	132	94	31	121	111	49	147	137
101	98	143	131	131	94	31	121	112	49	148	137
101	98	144	131	130	93	30	120	112	49	148	137
101	98	144	131	129	93	30	120	113	49	148	137
101	98	144	131	128	93	30	120	113	49	149	137
101	98	144	131	127	93	29	119	114	49	149	138
101	98	145	132	126	93	29	119	114	49	149	138
101	98	145	132	125	93	29	119	115	48	149	138
101	98	145	132	124	93	29	118	115	48	150	138
100	98	145	132	123	92	28	118	116	48	150	138
100	97	145	132	123	92	28	118	117	48	150	138
100	97	146	132	122	92	28	117	117	48	150	138
100	97	146	132	121	92	28	117	118	48	150	138
100	97	146	132	120	92	28	117	119	48	150	138
100	97	146	132	119	92	28	117	120	47	151	138
100	97	146	132	119	92	28	116	120	47	151	139
100	97	146	133	118	92	28	116	121	47	151	139
100	97	146	133	117	91	28	116	122	47	151	139
100	97	146	133	116	91	28	116	123	47	151	139
100	97	146	133	116	91	28	116	124	47	151	139
100	97	146	133	115	91	28	116	124	47	151	139
100	97	146	133	114	91	29	116	125	47	151	139
100	97	146	133	114	91	29	115	126	47	151	139
100	97	146	133	113	91	29	115	127	47	151	139
100	97	146	133	112	91	29	115	128	47	151	139
100	97	146	133	112	91	30	115	129	47	151	139
100	97	146	133	111	91	30	115	130	47	151	139
100	97	146	133	111	91	30	115	131	47	151	139
100	97	146	133	110	91	31	115	131	47	151	139
100	97	146	133	110	91	31	116	132	47	151	139
100	97	146	133	109	91	32	116	133	47	150	139
100	97	146	133	109	91	32	116	134	47	150	139
100	97	146	133	109	91	33	116	135	47	150	139
100	97	145	133	108	91	33	116	135	47	150	139
100	97	145	133	108	91	34	116	136	48	150	139
100	97	145	133	108	91	34	117	137	48	150	139
100	97	145	133	107	92	35	117	138	48	150	139
100	97	145	133	107	92	36	117	139	48	149	139
101	97	145	133	107	92	36	118	140	48	149	139
101	97	144	133	107	92	37	118	141	49	149	139
101	97	144	133	106	92	38	118	142	49	149	139
101	97	144	133	106	92	38	119	143	49	148	139
101	97	144	133	106	92	39	119	144	49	148	139
101	97	143	133	106	93	40	120	145	50	148	139
101	97	143	133	106	93	41	120	146	50	148	139
101	97	143	132	106	93	42	121	146	50	147	139
101	97	143	132	106	93	43	121	147	51	147	139
101	97	142	132	106	93	43	122	148	51	147	138
101	97	142	132	106	94	44	122	149	51	146	138
101	97	142	132	106	94	45	123	150	52	146	138
101	97	141	132	106	94	46	124	151	52	146	138
101	97	141	132	106	94	47	124	152	53	146	138
101	97	141	132	106	94	48	125	153	53	145	138
101	98	140	132	106	95	49	126	154	54	145	138
101	98	140	132	107	95	50	127	155	54	144	138
101	98	140	132	107	95	51	127	156	54	144	138
101	98	139	132	107	95	53	128	157	55	144	138
101	98	139	132	107	95	54	129	158	56	143	138
101	98	139	131	108	95	55	130	159	56	143	137
101	98	138	131	108	95	56	131	160	57	143	137
102	98	138	131	108	96	57	132	161	57	142	137
102	98	138	131	109	96	58	133	162	58	142	137
102	98	137	131	109	96	60	133	163	59	141	137
102	98	137	131	109	97	61	134	164	59	141	137
102	98	136	131	110	97	62	135	165	60	140	137
102	98	136	130	110	97	64	136	166	61	140	136
102	98	135	130	111	97	65	138	167	61	140	136
102	98	135	130	111	98	65	139	168	62	139	136
102	98	135	130	111	98	66	140	168	63	139	136
102	98	134	130	112	98	68	141	169	64	138	136
102	98	134	130	112	99	69	142	170	64	138	136
102	98	133	129	113	99	70	143	171	65	137	135
102	98	133	129	113	99	71	144	172	66	137	135
102	98	133	129	113	100	72	146	173	67	137	135
103	99	132	129	114	100	74	147	174	68	136	135
103	99	132	129	114	100	75	148	175	69	136	135
103	99	131	128	114	101	76	149	175	70	135	134
103	99	131	128	115	101	77	150	176	71	135	134
103	99	130	128	115	101	78	151	177	72	134	134
103	99	130	128	115	102	79	152	178	73	134	134
103	99	129	127	116	102	80	154	178	74	133	133
103	99	129	127	116	102	81	155	179	75	133	133
103	99	128	127	116	102	82	157	180	75	132	133
103	99	128	126	116	103	82	158	180	76	132	132
103	99	127	126	117	103	83	160	181	77	131	132
104	100	127	126	117	103	84	161	181	78	131	132
104	100	126	125	117	103	84	163	182	80	130	131
104	100	126	125	117	104	85	164	182	81	129	131
104	100	125	125	117	104	85	166	183	82	129	130
104	100	125	124	117	104	85	167	183	84	128	130
104	100	124	124	117	104	86	169	183	85	128	129
104	100	123	123	117	104	86	170	183	86	127	129
104	100	123	123	117	104	86	172	183	88	126	128
104	101	122	122	117	104	86	173	183	89	126	128
105	101	121	121	117	104	86	175	183	91	125	127
105	101	121	121	117	104	86	176	183	92	124	126
105	101	120	120	117	104	85	177	183	94	123	125
105	101	119	119	117	103	85	179	183	96	122	125
105	102	118	118	116	103	82	180	181	97	122	124
105	102	117	117	115	102	78	180	179	99	121	123
105	102	117	116	114	101	75	180	176	100	120	122
106	103	116	115	113	101	73	180	175	101	119	121
106	103	115	114	113	100	70	180	173	102	118	119
106	103	114	113	113	99	69	180	171	103	117	118
106	104	113	112	113	98	67	180	169	104	116	117
106	104	112	110	113	96	66	180	168	105	115	116
106	104	111	109	114	95	65	180	167	105	114	114
106	105	109	108	114	95	65	179	166	105	113	113
106	105	108	107	115	93	65	178	165	105	111	112
106	105	107	106	116	92	65	176	164	105	110	111
106	105	107	105	117	90	65	174	163	104	110	110
106	105	106	104	119	89	66	172	163	103	109	109
106	105	105	103	120	88	67	170	162	103	108	108
106	105	105	102	121	86	68	167	162	102	107	107
107	106	104	101	123	85	69	165	162	101	106	106
107	106	103	100	124	83	70	162	162	100	106	105
107	106	102	99	125	82	71	160	161	99	105	104
107	107	101	98	127	80	72	157	161	98	104	103
107	107	100	97	128	80	74	157	161	97	103	102
107	107	100	96	129	80	75	157	161	97	102	101
107	107	99	95	130	80	76	156	161	97	102	100
108	108	98	94	131	80	77	156	161	97	101	99
108	108	97	93	132	80	78	156	161	97	100	98
108	108	97	93	133	81	79	156	161	97	99	97
108	108	96	92	134	81	80	157	161	97	99	96
108	109	95	91	135	81	80	157	161	97	98	95
108	109	95	90	135	82	81	158	161	97	97	94
108	109	94	89	136	82	81	158	160	97	97	94
108	109	93	88	136	83	82	159	160	98	96	93
108	109	93	88	137	83	82	160	160	98	95	92
109	110	92	87	137	84	82	161	160	98	95	91
109	110	92	86	137	85	82	162	159	99	94	90
109	110	91	85	138	85	82	163	159	99	93	89
109	110	90	84	138	86	81	164	158	100	93	88
109	111	90	83	138	87	81	165	158	100	92	88
109	111	89	83	138	88	81	167	158	101	92	87
109	111	89	82	138	89	81	168	157	101	91	86
109	111	88	81	138	89	80	169	157	102	91	85
109	112	88	80	138	90	80	170	156	102	90	84
109	112	87	80	138	91	80	171	156	102	90	84
109	112	87	79	138	92	79	173	156	103	89	83
109	112	86	78	138	93	79	174	155	103	89	82
109	113	86	77	138	94	79	175	155	103	88	81
109	113	86	77	138	95	78	176	155	104	88	81
110	113	85	76	138	95	78	177	154	104	87	80
110	113	85	75	138	96	78	178	154	104	87	79
110	114	84	75	138	97	78	179	154	104	86	79
110	114	84	74	138	98	78	180	153	104	86	78
110	114	84	74	138	99	78	180	153	104	86	77
110	114	83	73	138	100	77	180	153	104	85	77
110	115	83	72	138	101	77	180	153	105	85	76
110	115	83	72	138	102	77	180	153	105	85	75
110	115	82	71	138	103	77	180	153	104	84	75
110	115	82	71	138	105	77	180	153	104	84	74
110	116	82	70	138	106	77	180	152	104	84	74
110	116	81	69	138	107	77	180	152	104	83	73
110	116	81	69	139	108	77	180	152	104	83	72
110	116	81	68	139	109	77	180	152	104	83	72
110	116	81	68	139	110	77	180	152	103	83	71
110	117	80	68	139	111	77	180	152	103	82	71
110	117	80	67	139	112	77	180	152	102	82	71
110	117	80	67	139	113	77	180	152	102	82	70
110	117	80	66	139	114	77	180	152	101	82	70
110	117	80	66	139	115	77	180	152	101	82	69
110	117	79	66	139	116	78	180	152	100	81	69
110	118	79	65	139	117	78	180	152	100	81	69
110	118	79	65	139	118	78	180	152	99	81	68
110	118	79	65	139	119	78	180	152	98	81	68
110	118	79	65	139	120	78	180	152	98	81	68
110	118	79	64	139	121	78	180	152	97	81	68
110	118	79	64	139	122	78	180	152	96	81	67
110	118	79	64	139	123	78	180	152	96	80	67
110	118	78	64	139	124	78	180	152	95	80	67
110	118	78	64	139	125	78	180	152	94	80	67
110	118	78	64	139	126	79	180	152	93	80	67
110	119	78	63	140	126	79	180	152	92	80	67
110	119	78	63	140	127	79	180	152	91	80	66
110	119	78	63	140	128	79	180	152	91	80	66
110	119	78	63	140	129	79	180	152	90	80	66
110	119	78	63	140	129	79	180	152	89	80	66
110	119	78	63	140	130	79	180	152	88	80	66
110	119	78	63	140	131	79	180	152	87	80	66
110	119	78	63	140	132	79	180	152	86	79	66
110	119	78	63	140	132	79	180	152	85	79	66
110	119	78	63	140	133	79	180	152	84	79	66
110	119	78	63	140	133	79	180	152	83	79	66
110	119	78	63	140	134	79	180	152	82	79	66
110	119	77	63	140	135	79	180	152	81	79	66
110	119	77	63	140	135	79	180	152	80	79	66
110	119	77	63	140	136	79	180	152	79	79	66
110	118	77	63	140	136	79	180	152	78	79	67
110	118	77	64	140	136	79	180	152	77	79	67
110	118	77	64	140	137	79	180	152	76	79	67
110	118	77	64	140	137	79	180	152	75	79	67
110	118	77	64	140	138	78	180	152	75	79	67
110	118	77	64	140	138	78	180	152	74	79	67
110	118	77	64	139	138	78	180	152	74	79	68
110	118	77	65	139	139	78	180	152	73	79	68
110	118	77	65	139	139	78	180	151	72	79	68
110	118	78	65	139	139	77	180	151	71	79	68
110	118	78	65	139	139	77	180	151	70	79	68
110	118	78	65	139	139	77	180	151	69	79	69
110	117	78	66	139	140	77	180	151	68	79	69
110	117	78	66	139	140	76	180	151	67	79	69
110	117	78	66	139	140	76	180	150	66	80	69
110	117	78	66	139	140	76	180	150	65	80	70
110	117	78	67	139	140	75	179	150	64	80	70
110	117	78	67	138	140	75	178	150	63	80	70
110	117	78	67	138	140	74	177	149	62	80	71
110	117	78	68	138	140	74	176	149	61	80	71
110	116	78	68	138	140	73	176	149	60	80	71
110	116	78	68	138	140	73	175	148	59	80	72
110	116	78	69	138	140	72	174	148	58	80	72
110	116	78	69	137	140	72	173	148	57	80	72
110	116	78	69	137	140	71	172	147	57	80	73
110	116	78	70	137	139	71	171	147	56	80	73
110	116	78	70	137	139	70	170	146	55	80	74
110	115	79	70	137	139	69	169	146	54	80	74
110	115	79	71	137	139	69	168	146	53	81	74
110	115	79	71	136	139	68	167	145	52	81	75
110	115	79	72	136	138	67	166	145	51	81	75
110	115	79	72	136	138	67	165	144	50	81	76
110	115	79	72	136	138	66	164	143	49	81	76
110	114	79	73	135	137	65	163	143	48	81	77
110	114	79	73	135	137	65	161	142	48	81	77
110	114	80	74	135	137	64	160	142	47	81	77
110	114	80	74	135	136	63	159	141	46	82	78
110	114	80	75	135	136	63	158	140	45	82	78
110	114	80	75	134	136	62	157	140	44	82	79
110	113	80	75	134	136	61	156	139	43	82	79
110	113	80	76	134	135	60	155	138	43	82	80
109	113	80	76	134	135	59	154	138	42	82	80
109	113	81	77	133	135	58	153	137	41	83	81
109	113	81	77	133	134	57	152	136	40	83	81
109	113	81	78	133	134	56	151	135	40	83	82
109	112	81	78	133	134	55	150	135	39	83	82
109	112	82	79	133	133	54	150	135	38	84	83
109	112	82	79	133	133	52	150	134	38	84	83
109	112	82	80	132	133	51	149	133	37	84	84
109	112	82	80	132	133	50	148	132	37	84	84
109	112	83	81	132	132	49	147	131	36	85	85
109	111	83	81	132	132	48	146	130	35	85	85
109	111	83	82	132	132	47	146	129	35	86	86
109	111	84	82	132	131	46	145	128	34	86	87
109	111	84	83	132	131	45	144	127	34	86	87
109	111	85	84	132	131	44	143	126	33	87	88
108	110	85	84	132	130	43	143	125	33	87	89
108	110	86	85	132	130	42	142	124	33	88	89
108	110	86	86	133	129	41	141	123	32	89	90
108	110	87	87	133	129	40	140	122	32	89	91
108	110	88	87	133	128	39	140	121	31	90	92
108	109	88	88	134	128	39	139	120	31	91	92
108	109	89	89	134	127	38	138	119	31	91	93
108	109	90	90	135	126	38	136	118	30	92	94
108	109	91	91	136	125	38	135	117	30	93	95
107	108	92	92	137	124	38	134	116	29	94	96
107	108	93	93	138	123	38	132	115	29	95	97
107	108	94	94	139	121	38	130	115	28	96	98
107	107	95	95	140	121	39	131	114	29	97	99
107	107	96	96	141	121	40	132	114	31	98	100
107	107	97	97	143	120	41	132	114	32	100	101
107	107	98	98	144	119	42	133	114	33	101	102
106	106	99	99	145	119	44	133	114	34	102	103
106	106	101	100	146	118	46	133	114	35	103	104
106	106	102	101	148	117	48	133	114	36	105	105
106	106	103	102	149	115	50	132	115	36	106	106
106	105	104	103	151	114	52	132	115	37	107	107
106	105	105	104	153	113	54	132	115	38	108	109
106	105	106	105	154	112	55	131	116	38	109	110
106	105	107	105	156	111	57	131	116	39	110	110
106	105	108	105	157	111	59	131	116	40	111	110
106	105	109	106	158	110	61	132	117	41	112	111
106	105	110	107	160	110	62	132	117	42	113	112
105	104	111	108	161	109	63	133	117	43	114	113
105	104	112	109	162	109	64	134	117	44	115	114
105	104	113	110	163	109	65	135	117	46	116	115
105	104	114	111	164	109	65	137	116	47	117	116
105	103	115	112	164	109	65	138	116	49	119	117
105	103	116	113	164	109	64	140	114	50	120	118
104	103	118	114	164	110	63	142	113	52	121	119
104	103	119	115	164	110	61	143	111	53	122	120
104	102	120	116	163	110	59	145	110	54	123	121
104	102	121	117	163	111	57	147	108	56	125	122
104	102	122	117	163	111	56	148	107	57	126	123
104	102	123	118	162	111	54	150	106	58	127	124
104	101	125	119	162	111	52	150	104	60	128	125
103	101	126	120	162	112	51	151	103	61	129	126
103	101	127	121	161	112	49	152	102	62	131	126
103	101	128	122	161	112	48	153	101	63	132	127
103	101	129	122	160	112	47	154	100	63	133	128
103	100	130	123	160	112	46	155	99	64	134	129
103	100	131	124	160	112	44	156	98	65	135	129
103	100	132	124	159	112	43	156	97	66	136	130
103	100	133	125	159	112	42	157	96	66	137	131
102	100	134	126	158	112	41	157	95	67	138	132
102	99	135	126	158	112	41	157	95	67	139	132
102	99	136	127	158	112	40	157	94	68	140	133
102	99	137	127	157	111	39	158	94	68	141	133
102	99	138	128	157	111	38	158	93	68	142	134
102	99	139	128	156	111	37	158	93	68	143	134
102	99	140	129	156	111	37	158	92	69	144	135
102	98	140	129	155	111	36	157	92	69	145	135
102	98	141	130	155	110	35	157	92	69	146	136
102	98	142	130	154	110	35	157	91	69	146	136
101	98	143	131	154	110	34	157	91	69	147	137
101	98	143	131	153	110	34	157	91	69	148	137
101	98	144	131	153	109	33	156	91	69	149	137
101	98	145	132	152	109	33	156	91	69	149	138
101	97	145	132	152	109	32	156	90	69	150	138
101	97	146	132	151	109	31	155	90	69	151	138
101	97	147	133	150	108	31	155	90	69	152	139
101	97	147	133	150	108	30	155	90	69	152	139
101	97	148	133	149	108	30	154	90	69	153	139
101	97	149	133	148	108	29	154	90	69	153	139
101	97	149	134	148	107	28	154	90	69	154	140
101	97	150	134	147	107	28	153	89	69	155	140
101	97	150	134	147	107	27	153	89	69	155	140
101	97	151	134	146	107	27	153	89	69	156	140
100	97	151	134	145	106	27	152	89	69	156	141
100	97	152	135	145	106	26	152	89	68	157	141
100	96	152	135	145	106	26	151	90	68	157	141
100	96	152	135	144	106	25	151	90	68	158	141
100	96	153	135	144	106	25	151	90	68	158	141
100	96	153	135	143	105	24	150	90	68	158	141
100	96	153	135	142	105	24	150	90	68	159	142
100	96	154	136	142	105	24	150	90	68	159	142
100	96	154	136	141	105	23	150	90	68	159	142
100	96	154	136	141	105	23	150	90	67	160	142
100	96	155	136	140	105	23	150	90	67	160	142
100	96	155	136	139	104	22	150	91	67	160	142
100	96	155	136	139	104	22	149	91	67	161	142
100	96	155	136	138	104	22	149	91	67	161	142
100	96	156	136	138	104	22	149	91	67	161	143
100	96	156	136	137	104	21	148	91	67	161	143
100	96	156	136	136	104	21	148	92	67	161	143
100	96	156	136	136	104	21	148	92	67	162	143
100	96	156	137	135	104	21	148	92	67	162	143
100	96	156	137	135	103	20	148	92	66	162	143
100	96	156	137	134	103	20	147	93	66	162	143
100	96	157	137	134	103	20	147	93	66	162	143
100	96	157	137	133	103	20	147	93	66	162	143
100	96	157	137	133	103	20	147	93	66	162	143
100	96	157	137	132	103	20	147	94	66	162	143
100	96	157	137	132	103	19	147	94	66	162	143
100	96	157	137	132	103	19	147	94	66	162	143
100	96	157	137	131	103	19	147	95	66	162	143
100	96	157	137	131	103	19	147	95	66	162	143
100	96	157	137	130	103	19	146	95	66	162	143
100	96	157	137	130	103	19	146	96	66	162	143
100	96	157	137	130	103	19	146	96	66	162	143
100	96	156	137	129	103	19	146	96	66	162	143
100	96	156	137	129	103	19	146	97	66	162	143
100	96	156	137	128	103	19	146	97	66	162	143
100	96	156	137	128	103	19	146	97	66	162	143
100	96	156	137	128	103	19	146	98	66	161	143
100	96	156	137	128	103	19	146	98	66	161	143
100	96	156	137	127	103	19	146	98	66	161	143
100	96	155	137	127	103	19	147	99	66	161	143
100	96	155	137	127	103	19	147	99	66	161	143
100	96	155	137	127	103	19	147	100	66	160	143
100	96	155	137	126	103	19	147	100	66	160	143
100	96	155	137	126	103	19	147	100	66	160	143
100	96	154	137	126	103	19	147	101	66	160	143
100	96	154	137	126	103	19	147	101	66	159	143
100	96	154	137	126	103	19	147	102	66	159	143
100	96	154	137	125	103	19	148	102	66	159	143
100	96	153	137	125	104	20	148	103	66	158	143
100	96	153	137	125	104	20	148	103	67	158	143
100	96	153	136	125	104	20	148	103	67	158	143
100	96	152	136	125	104	20	148	104	67	157	143
100	96	152	136	125	104	20	149	104	67	157	143
100	96	152	136	125	104	21	149	105	67	157	143
100	96	151	136	125	104	21	149	105	67	156	142
100	96	151	136	125	104	21	149	106	67	156	142
100	96	150	136	125	104	22	150	106	67	155	142
100	96	150	136	125	104	22	150	107	68	155	142
100	96	150	136	125	105	22	150	107	68	154	142
100	96	149	136	125	105	23	150	108	68	154	142
101	96	149	136	125	105	23	150	108	68	153	142
101	96	148	135	125	105	23	150	109	68	153	142
101	96	148	135	125	105	24	150	110	68	152	142
101	96	147	135	125	105	24	151	110	69	152	141
101	96	147	135	125	105	25	151	111	69	151	141
101	96	146	135	125	106	25	152	111	69	151	141
101	97	146	135	125	106	26	152	112	69	150	141
101	97	145	135	125	106	26	152	113	69	150	141
101	97	145	134	125	106	27	153	113	70	149	141
101	97	144	134	125	106	27	153	114	70	149	140
101	97	144	134	125	106	28	154	114	70	148	140
101	97	143	134	125	107	28	154	115	70	148	140
101	97	143	134	125	107	29	155	115	71	147	140
101	97	142	133	125	107	29	155	116	71	147	140
101	97	142	133	125	107	30	156	117	71	146	139
102	97	141	133	125	107	30	156	117	71	145	139
102	97	140	133	126	107	31	157	118	72	145	139
102	97	140	133	126	108	31	157	118	72	144	139
102	97	139	132	126	108	32	158	119	72	144	138
102	97	139	132	126	108	32	158	119	73	143	138
102	98	138	132	126	108	33	159	120	73	142	138
102	98	138	131	126	108	33	159	120	73	142	137
102	98	137	131	126	109	34	160	121	74	141	137
102	98	136	131	126	109	35	161	122	74	141	137
102	98	136	130	126	109	35	161	122	74	140	136
102	98	135	130	126	109	36	162	123	75	139	136
102	98	135	130	126	110	36	163	123	75	139	136
102	98	134	129	126	110	37	163	124	75	138	135
103	98	133	129	126	110	37	164	124	75	137	135
103	99	133	129	127	110	38	164	125	75	137	135
103	99	132	128	127	110	38	165	125	76	136	134
103	99	131	128	127	111	39	166	126	76	135	134
103	99	131	127	127	111	39	167	127	77	134	133
103	99	130	127	127	111	40	167	127	77	134	133
103	99	129	126	127	111	40	168	128	77	133	132
103	100	128	126	127	112	41	169	128	78	132	132
103	100	128	125	127	112	42	169	129	78	131	131
103	100	127	125	127	112	42	170	129	79	131	130
103	100	126	124	128	112	43	171	130	79	130	130
104	100	125	123	128	112	43	172	130	80	129	129
104	100	125	123	127	113	43	172	130	80	128	128
104	101	124	122	127	113	42	173	130	80	128	128
104	101	124	122	127	113	42	173	129	81	127	127
104	101	123	121	127	113	41	174	129	81	127	127
104	101	122	120	127	113	41	174	129	81	126	126
104	101	122	120	127	113	40	175	128	82	126	126
104	101	121	119	127	113	40	175	128	82	125	125
104	102	121	119	126	114	39	176	128	82	124	124
104	102	120	118	126	114	39	176	128	82	124	124
104	102	120	118	126	114	39	176	128	82	123	123
104	102	120	118	126	114	38	177	127	83	123	123
105	102	119	117	126	114	38	177	127	83	123	123
105	102	119	117	126	114	38	177	127	83	122	122
105	102	118	116	126	114	38	177	127	83	122	122
105	102	118	116	126	114	37	178	127	83	121	121
105	103	117	115	126	114	37	178	127	83	121	121
105	103	117	115	126	114	37	178	127	83	120	120
105	103	117	115	126	114	37	178	126	84	120	120
105	103	116	114	126	114	37	178	126	84	120	120
105	103	116	114	126	114	36	179	126	84	119	119
105	103	116	114	125	115	36	179	126	84	119	119
105	103	115	113	125	115	36	179	126	84	119	119
105	103	115	113	125	115	36	179	126	84	118	118
105	103	115	113	125	115	36	179	126	84	118	118
105	103	115	113	125	115	36	179	126	84	118	118
105	103	114	112	125	115	36	179	126	84	118	118
105	103	114	112	125	115	36	179	126	84	117	117
105	104	114	112	125	115	36	179	126	84	117	117
105	104	113	111	125	115	35	180	126	84	117	117
105	104	113	111	125	115	35	180	126	84	116	116
105	104	113	111	125	115	35	180	126	84	116	116
105	104	113	111	125	115	35	180	126	84	116	116
105	104	113	111	125	115	35	180	126	84	116	116
106	104	112	110	125	115	35	180	125	85	116	116
106	104	112	110	125	115	35	180	125	85	115	115
106	104	112	110	125	115	35	180	125	85	115	115
106	104	112	110	125	115	35	180	125	85	115	115
106	104	112	110	125	115	35	180	125	85	115	115
106	104	111	109	125	115	35	180	125	85	115	115
106	104	111	109	125	115	35	180	125	85	114	114
106	104	111	109	125	115	35	180	125	85	114	114
106	104	111	109	125	115	35	180	125	85	114	114
106	104	111	109	125	115	35	180	125	85	114	114
106	104	111	109	125	115	35	180	125	85	114	114
106	104	110	108	125	115	35	180	125	85	114	114
106	104	110	108	125	115	35	180	125	85	113	113
106	105	110	108	125	115	35	180	125	85	113	113
106	105	110	108	125	115	35	180	125	85	113	113
106	105	110	108	125	115	35	180	125	85	113	113
106	105	110	108	125	115	35	180	125	85	113	113
106	105	110	108	125	115	35	180	125	85	113	113
106	105	110	108	125	115	35	180	125	85	113	113
106	105	109	107	125	115	35	180	125	85	113	113
106	105	109	107	125	115	35	180	125	85	112	112
106	105	109	107	125	115	35	180	125	85	112	112
106	105	109	107	125	115	35	180	125	85	112	112
106	105	109	107	125	115	35	180	125	85	112	112
106	105	109	107	125	115	35	180	125	85	112	112
106	105	109	107	125	115	35	180	125	85	112	112
106	105	109	107	125	115	35	180	125	85	112	112
106	105	109	107	125	115	35	180	125	85	112	112
106	105	109	107	125	115	34	180	125	85	112	112
106	105	109	107	125	115	34	180	125	85	112	112
106	105	109	107	125	115	34	180	125	85	112	112
106	105	108	106	125	115	34	180	125	85	112	112
106	105	108	106	125	115	34	180	125	85	111	111
106	105	108	106	125	115	34	180	125	85	111	111
106	105	108	106	125	115	34	180	125	85	111	111
106	105	108	106	125	115	34	180	125	85	111	111
106	105	108	106	125	115	34	180	125	85	111	111
106	105	108	106	125	115	34	180	125	85	111	111
106	105	108	106	125	115	34	180	125	85	111	111
106	105	108	106	125	115	34	180	125	85	111	111
106	105	108	106	125	115	34	180	125	85	111	111
106	105	108	106	125	115	34	180	125	85	111	111
106	105	108	106	125	115	34	180	125	85	111	111
106	105	108	106	125	115	34	180	125	85	111	111
106	105	108	106	125	115	34	180	125	85	111	111
106	105	108	106	125	115	34	180	125	85	111	111
106	105	108	106	125	115	34	180	125	85	111	111
106	105	108	106	125	115	34	180	125	85	111	111
106	105	108	106	125	115	34	180	125	85	111	111
106	105	108	106	125	115	34	180	125	85	111	111
106	105	107	105	125	115	34	180	125	85	111	111
106	105	107	105	125	115	34	180	125	85	110	110
106	105	107	105	125	115	34	180	125	85	110	110
106	105	107	105	125	115	34	180	125	85	110	110
106	105	107	105	125	115	34	180	125	85	110	110
106	105	107	105	125	115	34	180	125	85	110	110
106	105	107	105	125	115	34	180	125	85	110	110
106	105	107	105	125	115	34	180	125	85	110	110
106	105	107	105	125	115	34	180	125	85	110	110
106	105	107	105	125	115	34	180	125	85	110	110
106	105	107	105	125	115	34	180	125	85	110	110
106	105	107	105	125	115	34	180	125	85	110	110
106	105	107	105	125	115	34	180	125	85	110	110
106	105	107	105	125	115	34	180	125	85	110	110
106	105	107	105	125	115	34	180	125	85	110	110
106	105	107	105	125	115	34	180	125	85	110	110
106	105	107	105	125	115	34	180	125	85	110	110
106	105	107	105	125	115	34	180	125	85	110	110
106	105	107	105	125	115	34	180	125	85	110	110
106	105	107	105	125	115	34	180	125	85	110	110
106	105	107	105	125	115	34	180	125	85	110	110
106	105	107	105	125	115	34	180	125	85	110	110
106	105	107	105	125	115	34	180	125	85	110	110
106	105	107	105	125	115	34	180	125	85	110	110
106	105	107	105	125	115	34	180	125	85	110	110
106	105	107	105	125	115	34	180	125	85	110	110
106	105	107	105	125	115	34	180	125	85	110	110
106	105	107	105	125	115	34	180	125	85	110	110
106	105	107	105	125	115	34	180	125	85	110	110
106	105	107	105	125	115	34	180	125	85	110	110
106	105	107	105	125	115	34	180	125	85	110	110
106	105	107	105	125	115	34	180	125	85	110	110
106	105	107	105	125	115	34	180	125	85	110	110
106	105	107	105	125	115	34	180	125	85	110	110
106	105	107	105	125	115	34	180	125	85	110	110
106	105	107	105	125	115	34	180	125	85	110	110
106	105	107	105	125	115	34	180	125	85	110	110
106	105	107	105	125	115	34	180	125	85	110	110
106	105	107	105	125	115	34	180	125	85	110	110
106	105	107	105	125	115	34	180	125	85	110	110
106	105	107	105	125	115	34	180	125	85	110	110
106	105	107	105	125	115	34	180	125	85	110	110
106	105	107	105	125	115	34	180	125	85	110	110
106	105	107	105	125	115	34	180	125	85	110	110
106	105	107	105	125	115	34	180	125	85	110	110
106	105	107	105	125	115	34	180	125	85	110	110
106	105	107	105	125	115	34	180	125	85	110	110
106	105	107	105	125	115	34	180	125	85	110	110
106	105	107	105	125	115	34	180	125	85	110	110
106	105	107	105	125	115	34	180	125	85	110	110
106	105	107	105	125	115	34	180	125	85	110	110
106	105	107	105	125	115	34	180	125	85	110	110
106	105	107	105	125	115	34	180	125	85	110	110
106	105	107	105	125	115	34	180	125	85	110	110
106	105	107	105	125	115	34	180	125	85	110	110
106	105	107	105	125	115	34	180	125	85	110	110
106	105	107	105	125	115	34	180	125	85	110	110
